76
-30
-82
20
39
-30
-24
-41
-72
-13
87
0
50
-90
-1
98
-96
-42
-36
26
77
18
65
-75
4
-42
-35
61
-2
-88
-69
-77
-18
-51
43
71
19
-81
81
47
-44
67
98
56
27
-54
53
31
4
68
-44
-70
-65
71
-45
-10
80
20
-100
-23
32
-69
0
64
-20
-58
34
99
-89
14
-5
-33
-70
-58
-77
57
-12
26
-12
42
-57
-6
72
-71
-85
-74
19
95
-4
-31
-79
-73
0
-29
41
30
-37
-25
28
-25
39
73
-8
20
-85
-35
-24
-47
42
14
96
35
59
17
64
74
-6
-68
68
90
1
39
-83
51
-91
8
-20
-28
83
58
-3
-28
31
40
92
-4
-96
-33
49
-4
32
44
-69
-10
-89
45
-37
5
28
81
-6
79
-31
-39
30
-22
70
60
50
2
-32
98
74
99
37
15
-56
-9
83
93
88
-36
-13
69
54
-2
-37
67
-98
41
-3
-54
20
66
8
100
94
-73
9
43
29
77
-10
-47
25
-74
68
69
18
50
