-83
44
97
82
34
-40
46
31
49
-77
-18
73
52
-30
3
-80
-33
66
9
-100
58
61
87
22
76
55
-6
-7
95
21
-18
62
-36
-71
-7
48
-11
-61
-22
89
-38
10
61
64
31
-87
35
48
80
-57
48
-13
-97
34
-92
29
-62
-48
72
-67
73
-46
45
88
-17
-62
35
22
-23
-87
-40
-11
-27
72
-98
-97
85
37
51
14
80
-2
52
34
83
10
-88
-80
63
85
-97
-15
-62
49
-28
-29
87
-93
43
-87
71
-97
-48
-57
75
-96
-53
9
42
48
-77
-29
-54
75
55
-72
-16
68
99
97
2
-98
-18
-10
1
54
61
-13
11
-47
-50
-19
-94
-48
-25
81
-44
-28
-60
48
-81
-37
70
-85
88
24
-57
-79
-59
93
-82
43
95
-50
-68
-55
54
43
-18
-35
97
32
-4
-98
34
21
34
90
93
74
38
-88
87
-43
-73
74
81
-79
45
-78
64
63
15
8
63
48
53
17
-60
-66
32
-64
66
-73
-61
-1
49
23
-62
-9
-4
26
-47
-68
83
-69
56
14
-48
0
-14
66
-87
-100
-27
76
-2
-75
-8
39
-41
-77
75
75
-99
64
-77
0
-14
-39
41
32
38
95
14
20
-75
-31
84
-73
70
-31
93
83
-30
-35
58
18
-10
-100
-44
-1
74
82
-27
75
-5
-4
-76
32
7
66
-87
95
60
28
-35
85
97
-52
-89
66
18
54
48
38
-82
-44
-45
-42
-44
12
57
-71
-57
-71
55
38
-25
29
-31
32
-6
-17
-23
-97
-90
42
38
-94
90
-1
23
-43
-48
-80
95
-30
-24
-50
28
-18
62
-66
-38
-96
-87
67
-8
-62
-5
62
71
90
95
-53
43
55
39
-19
61
28
80
-17
86
-68
4
30
-48
30
80
81
-88
-9
-86
-76
-55
-72
91
38
