19
-79
-22
-11
-11
-42
-25
-57
58
-90
-2
-34
-88
-36
-99
-60
-53
-83
-69
46
57
-55
-48
-17
32
59
-32
-89
-56
-70
39
13
-48
-83
-99
41
-25
-73
34
-67
88
82
-51
-100
-55
-50
91
-57
-33
72
89
74
-83
-60
-43
-1
100
-25
11
-57
6
-51
6
8
-84
8
99
-58
35
32
-75
22
14
-26
-28
59
-26
-37
-99
-9
-66
90
-36
-49
81
-29
51
80
47
-89
73
-48
-40
-22
10
-73
86
8
-31
-30
-61
-6
43
53
68
-86
12
92
-23
-37
-18
-38
-97
46
-37
84
-83
64
63
64
75
-15
66
86
63
-25
-88
-1
83
-19
19
72
75
-39
25
-8
-24
87
-17
3
100
65
15
-98
-40
79
86
-23
42
-2
