-38
-98
-16
38
77
-30
8
-14
64
71
-96
-30
-96
2
-71
69
86
-94
35
7
49
87
92
85
-21
25
45
-55
-97
-49
-63
-85
-47
21
3
-71
92
-89
15
5
32
-31
75
-13
72
54
-45
57
60
41
-87
-42
27
-95
-57
56
-20
38
52
-67
89
39
-52
92
-41
2
71
-100
-37
-64
5
45
5
-71
-69
-74
83
-63
84
-8
78
47
51
-46
2
44
-90
82
-69
12
-86
71
-50
-87
62
9
15
33
-40
78
69
65
22
-77
95
4
-50
27
41
84
-81
18
30
20
72
-68
-37
32
64
-56
94
79
-86
-57
92
77
3
-44
-41
63
84
-73
-23
-45
-50
-79
59
-50
49
-51
-67
18
67
64
-63
-11
46
-50
71
-41
-6
65
-63
9
58
79
-65
-90
85
-6
73
68
-29
-100
74
21
-79
32
72
70
82
55
-13
-2
18
-26
37
-87
24
-42
-27
-82
73
-40
-23
30
90
12
41
74
-95
-37
-8
-24
-37
-35
47
-15
97
-32
-96
28
-77
-58
77
-9
16
13
-45
-60
21
28
-92
-7
88
-65
-77
77
47
14
1
2
27
93
28
91
-43
-26
-75
-97
-7
-71
-18
-34
-29
-42
57
38
21
-89
28
-58
-11
36
35
-73
21
8
54
-33
-79
-46
19
49
97
-54
-11
-47
20
14
-93
63
-7
-11
-72
15
-3
86
-48
-83
47
80
-41
-64
-35
95
-37
86
2
-84
-48
-26
-79
21
73
-83
67
-39
-79
-14
25
-72
100
-83
-33
-73
32
64
63
34
