-64
-13
18
91
-87
28
-58
-26
-48
82
98
-70
-13
-24
-24
39
-39
10
-82
12
-57
-80
-37
14
-10
-98
80
-51
-73
60
-76
-37
-54
42
-97
-91
-31
-55
-17
-29
-74
-70
1
-37
-43
28
-98
-32
-63
-80
30
-70
-59
43
44
-19
-5
23
30
22
-68
5
35
-22
-54
-12
-63
-34
34
-30
37
10
-49
89
74
8
-34
26
26
-47
-4
-45
-17
-13
98
-74
68
-8
0
-52
64
32
53
-52
61
49
36
48
65
-31
-82
-48
30
-81
91
3
-23
-44
-72
-98
9
-26
-43
42
62
-96
68
-21
-54
-83
27
-91
0
-71
-43
-40
29
43
58
-7
-88
26
45
42
45
35
95
-79
91
73
-77
-51
-54
-70
91
-93
-66
9
-13
-20
26
64
-61
-75
44
-54
-65
-28
90
94
15
52
19
-40
-57
-86
45
-63
-65
-14
60
-91
35
56
-61
-24
14
-76
85
51
-46
-40
14
-6
-64
-93
40
-79
-21
29
65
45
-70
-66
-96
-27
-52
-1
-40
-17
85
-81
-58
-30
76
-18
46
-61
-44
-20
90
10
40
3
-97
26
11
-6
48
40
73
12
-16
-97
46
-62
-24
44
38
-13
78
-28
6
-81
42
-69
-49
-63
-80
7
17
-91
-83
-93
13
71
-17
74
-36
81
