96
98
89
37
60
4
69
64
71
20
8
22
90
77
80
52
29
40
79
44
44
24
82
19
57
23
45
2
30
69
27
77
18
15
13
77
70
33
92
92
4
100
13
93
76
44
44
56
83
74
99
27
98
32
97
54
55
41
7
36
62
33
12
79
99
76
8
69
8
99
12
11
50
25
3
26
20
98
33
3
72
32
81
69
15
77
74
69
70
80
56
31
12
67
61
10
94
68
30
1
19
42
63
68
18
65
93
37
15
78
39
38
61
71
6
75
48
31
44
17
10
51
99
73
70
59
82
63
79
64
64
97
57
78
64
74
95
9
10
9
86
1
46
46
71
3
72
70
33
67
86
42
18
36
14
87
95
47
49
73
62
64
21
18
42
84
91
36
44
1
96
81
53
41
78
75
43
50
45
27
16
82
20
33
18
33
71
64
31
20
88
93
35
8
10
28
43
53
63
87
5
58
19
57
50
97
31
44
46
75
70
13
9
89
46
78
73
16
41
56
87
28
48
74
35
9
1
29
61
64
15
65
73
86
73
23
82
4
18
79
30
88
91
90
28
88
67
1
56
7
56
42
86
55
15
20
15
16
49
76
31
15
92
55
100
65
77
33
20
47
11
1
34
54
91
61
41
57
13
96
16
20
90
1
74
4
73
89
71
73
16
53
39
7
8
91
23
36
23
94
82
86
95
67
39
85
80
79
93
92
27
8
12
16
61
37
71
33
77
42
5
92
46
95
51
53
85
25
89
8
19
70
93
13
89
83
49
68
61
93
59
87
53
22
54
13
11
25
97
87
18
53
79
63
47
81
16
32
5
56
91
23
77
83
87
65
17
87
84
77
80
43
16
32
16
21
96
78
45
92
65
14
44
95
77
90
75
44
73
79
51
63
54
27
97
40
44
13
79
27
42
58
21
9
41
89
29
88
66
26
79
82
39
74
76
67
15
50
62
88
81
12
2
34
91
99
25
86
63
3
64
4
12
85
64
4
25
45
43
42
70
21
24
60
46
99
27
61
1
40
100
33
4
1
18
46
51
42
31
14
97
46
69
60
30
85
16
6
29
58
48
98
31
23
57
76
21
35
36
73
27
87
5
30
88
22
75
38
16
57
3
64
2
24
75
84
8
42
89
36
