61
99
30
23
73
68
97
57
95
68
34
83
13
35
6
77
23
81
90
7
90
32
22
63
78
32
58
23
65
68
71
25
18
100
47
43
19
96
51
65
15
36
48
28
70
53
4
44
86
93
2
27
77
23
89
54
6
46
28
70
66
98
47
35
49
45
77
19
40
27
83
55
14
30
82
35
35
37
78
20
82
31
98
58
5
87
11
11
32
90
32
49
87
30
84
35
75
60
53
14
39
87
20
4
17
1
39
3
90
16
74
71
99
71
28
3
9
90
65
93
79
49
41
65
78
24
51
52
36
55
66
26
41
85
29
9
38
67
63
27
35
36
49
33
59
76
87
67
17
52
59
95
100
100
11
77
75
13
29
62
19
46
87
59
82
68
20
71
86
82
49
20
70
97
4
28
24
91
94
92
94
5
86
45
4
48
21
30
12
1
92
30
98
30
41
32
97
60
2
83
93
3
54
62
51
10
89
75
100
35
18
45
39
4
89
94
3
61
75
15
62
66
44
11
48
36
42
96
95
96
30
40
50
84
1
100
93
42
26
44
28
44
88
66
99
28
11
1
88
85
67
1
3
63
12
50
98
5
45
45
100
75
84
1
10
84
1
54
77
26
97
4
21
36
21
19
63
83
20
50
20
38
51
22
100
14
23
98
18
19
42
70
93
25
70
54
60
70
7
89
48
55
92
68
90
65
87
4
99
58
54
18
95
56
39
47
69
61
44
86
80
37
55
24
13
25
30
24
46
36
12
45
91
56
13
32
72
51
36
70
60
41
88
6
96
26
52
64
39
47
1
70
83
8
45
47
32
74
71
29
10
82
74
52
89
38
83
60
40
70
30
99
10
17
4
5
94
56
20
84
54
21
53
37
28
98
35
11
71
5
91
32
39
16
83
27
53
18
87
92
87
68
42
49
84
46
53
29
53
25
13
58
97
65
46
76
62
81
38
85
85
28
16
23
44
51
50
48
68
88
92
6
55
85
54
90
30
59
18
34
83
30
92
31
95
89
6
8
69
43
44
54
70
60
28
65
10
29
65
29
16
8
34
22
92
40
11
74
98
29
59
32
58
2
62
4
91
67
64
59
9
7
12
30
18
92
47
79
20
63
7
36
70
93
9
61
32
20
34
29
