66
20
46
51
27
22
28
22
94
73
92
93
5
37
28
6
59
48
23
65
47
86
30
75
98
41
69
80
41
33
27
58
52
72
61
31
46
88
52
39
61
96
31
17
32
10
74
42
57
97
58
55
34
87
29
83
79
50
62
19
82
40
77
85
12
89
15
9
76
19
47
88
14
29
4
97
38
78
38
46
26
96
1
11
34
29
93
13
30
6
83
11
46
11
96
57
99
62
65
75
80
63
62
45
43
18
41
80
47
79
77
24
26
77
34
11
58
26
75
87
31
58
50
76
68
45
84
67
6
100
93
38
14
54
82
56
23
23
87
69
53
64
92
30
92
77
92
49
2
67
88
85
24
37
12
91
33
48
9
90
99
1
27
13
7
61
68
29
35
7
50
39
70
93
68
61
70
11
62
23
77
49
7
100
37
71
43
69
18
3
58
68
56
37
80
62
97
100
42
83
6
91
21
27
84
40
39
53
50
52
75
79
52
34
78
88
56
72
8
73
27
66
40
82
54
72
43
2
71
36
84
28
27
56
6
62
47
96
66
48
48
92
26
99
77
56
39
32
27
46
4
5
63
96
86
16
19
80
17
41
16
52
20
94
7
25
55
5
20
20
53
19
63
78
18
40
85
8
71
12
53
27
16
16
74
54
31
92
33
100
32
48
51
51
41
10
27
47
66
98
18
18
17
81
48
86
20
32
93
90
95
45
68
63
12
41
16
43
32
100
94
15
48
96
65
40
57
43
39
23
41
56
40
57
88
39
94
7
71
86
49
17
82
16
79
94
57
46
88
40
46
81
55
93
76
71
84
85
14
22
7
54
30
98
62
17
37
55
76
59
92
76
75
73
91
54
18
99
99
5
39
44
37
93
88
65
63
24
49
28
97
55
81
26
52
94
95
40
100
22
98
43
97
73
16
39
78
85
38
76
42
28
72
78
20
11
94
34
34
42
62
31
48
94
8
52
88
54
91
39
75
41
82
71
13
49
10
90
33
47
17
26
74
88
56
45
51
49
30
84
43
43
66
42
37
74
93
76
79
36
14
54
76
47
24
40
95
33
29
80
31
97
5
56
37
60
52
87
61
82
70
3
24
88
44
12
13
89
87
91
24
53
44
51
99
68
90
46
52
70
