21
76
41
81
27
10
37
44
74
93
84
40
84
65
18
58
57
4
79
18
8
60
11
96
45
46
22
21
35
35
18
7
62
58
87
40
19
23
83
92
67
66
31
50
31
49
59
87
4
37
56
63
96
66
59
93
11
32
65
97
18
34
3
31
91
41
70
10
63
5
53
81
70
84
82
52
84
40
90
39
28
97
53
76
15
11
68
77
94
84
74
63
17
28
45
7
69
15
68
83
71
21
64
40
56
45
44
91
37
85
29
16
82
81
91
96
44
58
72
89
93
97
4
9
25
48
16
93
14
35
75
84
7
90
76
62
87
71
4
75
55
84
90
36
17
81
83
12
90
55
100
83
3
55
91
27
3
58
71
68
45
98
4
51
87
79
13
25
49
68
99
55
52
89
91
68
21
25
79
62
31
30
44
34
85
87
60
39
96
31
58
40
80
61
91
66
91
55
91
91
22
41
46
25
29
88
92
1
12
22
63
43
52
58
76
88
44
87
26
92
69
83
31
48
96
21
66
86
27
8
77
49
48
74
25
29
61
17
29
24
38
43
66
41
1
93
28
96
32
5
87
100
88
18
100
35
90
65
20
69
24
48
69
71
21
93
99
81
9
80
5
99
22
22
39
74
67
19
70
98
23
8
49
62
77
100
96
19
16
16
87
39
63
55
62
36
47
60
16
8
91
72
6
65
46
96
38
12
14
59
61
37
19
61
50
95
61
46
65
28
13
51
67
27
57
28
62
4
39
78
63
82
1
20
46
46
15
35
57
81
94
69
69
64
30
18
10
42
63
75
69
27
77
35
54
34
14
67
89
53
96
3
86
97
22
31
42
36
65
51
16
10
71
36
73
100
54
35
41
68
9
10
95
37
96
100
70
10
66
10
14
62
12
99
10
33
81
3
21
45
5
88
7
76
24
79
27
29
13
68
96
73
29
42
10
24
93
31
85
11
41
50
72
4
48
33
89
28
35
9
25
40
96
31
67
71
61
93
99
26
12
47
98
40
88
59
16
33
90
52
43
82
2
14
85
1
98
73
29
84
33
5
75
81
35
41
51
47
86
2
72
97
48
22
37
87
80
4
19
21
55
61
2
56
26
39
9
23
63
37
7
96
93
81
28
79
74
30
25
59
