15
83
42
85
15
63
11
75
6
71
69
53
2
77
91
38
59
55
1
61
34
23
66
34
35
27
42
25
96
6
74
63
40
67
99
55
30
9
29
87
32
50
91
33
78
81
70
88
88
70
48
21
45
66
7
79
92
48
3
39
5
29
53
97
47
4
51
28
64
31
14
95
32
4
27
9
37
48
49
24
18
96
44
14
13
50
92
56
49
47
47
6
27
51
2
73
54
52
53
18
34
66
12
66
22
91
26
58
38
74
81
7
22
76
20
34
78
64
42
78
62
88
83
88
90
84
12
44
87
64
61
21
30
24
38
3
14
63
60
4
89
92
10
10
19
82
95
96
45
88
26
58
75
8
45
65
92
56
60
30
72
72
50
53
47
87
55
13
2
66
16
90
9
77
51
27
58
45
75
54
33
100
11
59
59
7
75
2
15
86
32
86
57
81
38
4
20
44
16
73
61
31
62
69
7
64
47
17
60
21
70
44
72
33
3
31
91
29
84
5
15
15
42
23
48
31
26
67
74
93
39
34
23
52
54
82
15
1
50
26
73
71
70
45
3
72
27
46
52
10
50
66
77
92
89
24
74
66
42
48
59
32
33
33
83
39
66
49
39
15
74
63
86
95
7
40
66
85
85
70
47
87
87
23
30
27
98
3
93
39
2
3
70
35
35
4
73
53
4
63
67
29
25
4
24
84
96
41
20
32
10
18
70
97
92
99
75
89
2
67
27
3
21
48
89
8
51
13
60
54
27
78
83
52
82
6
87
29
46
58
12
8
76
82
4
67
80
78
56
33
97
34
88
17
82
76
24
32
41
83
86
19
13
20
22
46
25
8
74
22
66
85
29
41
18
84
59
98
14
14
30
10
100
69
78
81
97
54
64
37
88
49
55
100
20
77
45
96
36
70
18
53
55
98
45
24
82
4
21
47
69
3
56
68
71
85
100
67
38
64
55
78
12
62
77
84
90
22
79
77
91
48
30
97
46
74
21
79
29
93
77
98
47
84
65
70
68
65
36
58
28
43
35
91
56
11
26
45
84
5
21
27
52
50
75
49
76
47
79
4
92
55
1
38
38
18
7
58
34
95
15
13
37
49
55
92
11
81
88
47
37
60
73
40
62
99
41
37
46
19
